1
100
1000
1001
1002
1003
1005
1007
1008
1009
1010
1011
1012
1013
1014
1015
1016
1018
1019
1020
1021
1022
1023
1024
1025
1026
1027
1028
1029
103
1030
1031
1032
1033
1034
1035
1036
1037
1039
104
1040
1041
1042
1043
1044
1046
1048
1049
105
1050
1051
1053
1054
1055
1056
1057
1058
1059
1060
1061
1062
1064
1065
1066
1068
1069
1070
1071
1072
1073
1074
1075
1077
1078
1079
108
1080
1081
1082
1083
1085
1086
1087
1088
1089
109
1090
1091
1092
1093
1094
1095
1096
1097
1098
1099
11
110
1100
1101
1102
1103
1104
1105
1106
1107
1109
111
1113
1114
1115
1116
1117
1118
1119
112
1120
1121
1122
1123
1124
1126
1128
1129
113
1130
1131
1132
1133
1134
1135
1136
1137
1138
114
1140
1141
1142
1143
1144
1145
1146
1148
1149
115
1150
1151
1152
1153
1155
1156
1157
1158
1159
116
1160
1161
1162
1163
1164
1165
1166
1167
1168
1169
117
1170
1171
1172
1173
1174
1176
1177
1179
118
1180
1181
1183
1184
1185
1186
1187
1188
1189
119
1190
1192
1193
1194
1195
1196
1197
1198
1199
12
120
1200
1201
1202
1203
1204
1205
1206
1208
1209
121
1210
1211
1212
1213
1214
1215
1216
1217
1218
1219
122
1220
1222
1223
1224
1225
1226
1227
1228
123
1230
1231
1233
1235
1236
1238
1239
124
1240
1241
1242
1243
1244
1245
1246
1247
1248
1249
125
1250
1251
1252
1253
1255
1256
1257
1258
1259
126
1261
1262
1263
1265
1266
1268
1269
127
1270
1271
1272
1273
1274
1275
1276
1277
1278
1279
128
1280
1281
1283
1284
1285
1286
1287
1288
1289
129
1290
1292
1293
1294
1295
1296
1297
1298
1299
13
130
1300
1301
1302
1304
1305
1307
1308
1309
131
1310
1311
1312
1313
1314
1315
1316
1317
1318
1319
132
1320
1321
1322
1323
1324
1325
1326
1327
1328
1329
133
1330
1331
1332
1333
1334
1335
1336
1338
1339
134
1340
1341
1342
1343
1344
1345
1346
1347
1348
1349
135
1350
1351
1352
1353
1354
1355
1356
1357
1358
1359
136
1360
1361
1364
1365
1366
1367
1368
1369
137
1370
1371
1372
1373
1374
1376
1377
1378
1379
138
1380
1381
1382
1383
1384
1385
1386
1387
1388
1389
139
1390
1391
1392
1393
1394
1395
1396
1397
1398
1399
14
140
1400
1402
1403
1404
1405
1406
1407
1408
1409
141
1411
1412
1413
1414
1415
1416
1417
1418
1419
142
1420
1422
1423
1424
1425
1426
1427
1428
1429
143
1430
1432
1433
1434
1436
1437
1438
1439
144
1440
1441
1442
1443
1444
1446
1447
1448
1449
1450
1451
1453
1454
1455
1457
1458
1459
146
1460
1461
1462
1463
1464
1466
1467
1468
1469
147
1470
1471
1472
1474
1475
1476
1477
1478
1479
1480
1481
1483
1484
1485
1486
1487
1488
1489
149
1490
1491
1492
1493
1494
1495
1496
1497
1499
15
150
1500
1501
1502
1503
1504
1505
1506
1507
1508
1509
151
1511
1512
1513
1514
1515
1516
1517
1519
152
1520
1521
1522
1523
1524
1525
1526
1527
1528
1529
153
1530
1531
1532
1533
1534
1535
1536
1537
1538
1539
154
1540
1541
1542
1544
1545
1546
1547
1549
155
1550
1551
1552
1553
1554
1555
1556
1557
1558
156
1560
1561
1562
1563
1564
1566
1567
1568
1569
1570
1572
1573
1574
1575
1576
1577
1578
1579
158
1580
1581
1582
1583
1584
1585
1586
1587
1588
1589
159
1590
1592
1593
1595
1596
1597
1598
16
160
1601
1602
1603
1604
1605
1606
1607
1608
161
1610
1611
1612
1613
1614
1616
1618
1619
162
1620
1622
1623
1624
1625
1626
1627
1628
1629
163
1630
1631
1632
1634
1635
1636
1637
1638
1639
164
1640
1641
1642
1643
1644
1646
1647
1648
1649
165
1650
1652
1653
1654
1655
1656
1657
1658
1659
1660
1661
1662
1664
1667
1668
1669
167
1670
1672
1673
1674
1675
1676
1677
1678
1679
168
1680
1681
1682
1683
1684
1685
1686
1688
1689
169
1690
1691
1692
1693
1694
1695
1696
1697
1698
17
170
1700
1701
1702
1703
1704
1705
1706
1707
171
1710
1711
1712
1713
1714
1715
1716
1717
1719
172
1720
1721
1722
1723
1724
1725
1726
1727
1728
1729
173
1730
1732
1733
1734
1735
1737
1738
174
1740
1741
1742
1743
1744
1745
1746
1747
1748
1749
175
1750
1751
1753
1754
1755
1757
1758
1759
176
1760
1761
1762
1763
1764
1765
1766
1767
1768
1769
177
1770
1771
1772
1773
1774
1775
1776
1777
1778
1779
178
1780
1781
1782
1783
1785
1786
1787
1788
179
1790
1791
1793
1794
1795
1796
1797
1798
1799
18
180
1800
1801
1802
1803
1804
1806
1807
1808
1809
181
1810
1811
1812
1813
1814
1815
1816
1818
1819
182
1820
1821
1822
1823
1824
1826
1828
1829
183
1830
1831
1832
1833
1834
1835
1836
1837
1838
1839
184
1840
1841
1842
1843
1844
1845
1846
1847
1849
185
1850
1852
1853
1854
1855
1856
1857
1858
1859
186
1861
1862
1863
1864
1865
1866
1867
1868
1869
187
1870
1871
1872
1873
1874
1875
1876
1877
1878
1879
188
1880
1881
1882
1883
1884
1885
1886
1887
1888
1889
189
1890
1891
1892
1893
1894
1895
1896
1897
1898
19
190
1900
191
192
193
194
195
196
197
198
199
2
20
200
201
202
203
204
205
206
207
208
209
21
210
211
212
213
214
215
216
217
218
219
22
220
221
222
223
224
226
227
228
229
23
230
232
233
234
235
236
238
239
24
240
241
242
243
244
245
246
247
248
249
25
250
251
252
253
254
255
256
257
258
259
26
260
261
262
263
264
265
266
267
268
269
27
270
271
272
273
274
275
277
278
279
28
280
281
282
283
285
286
288
289
29
290
291
292
293
295
296
297
298
299
30
300
301
302
303
304
305
306
307
308
309
31
310
311
313
315
316
317
318
319
32
320
321
322
323
324
325
326
328
329
33
330
331
332
333
334
335
336
337
338
339
34
340
341
342
343
345
346
347
348
349
35
350
351
352
353
354
355
356
357
358
359
36
361
363
364
365
366
367
368
369
37
370
371
372
373
374
375
377
378
379
38
380
381
382
383
385
386
387
388
389
39
390
391
392
393
394
396
397
398
399
40
400
401
402
403
404
405
406
408
409
41
410
411
414
415
416
417
418
419
42
420
421
423
424
425
427
428
429
43
430
431
432
433
434
435
436
437
438
439
44
441
442
443
446
447
448
449
45
450
451
452
453
454
455
456
457
458
459
46
460
461
462
463
464
465
466
467
468
469
47
471
472
473
474
475
476
478
479
48
480
481
482
483
484
485
486
487
488
489
490
491
492
493
494
495
496
497
498
499
5
50
500
501
502
503
504
505
506
508
509
51
511
512
513
514
515
516
517
518
519
52
520
521
522
523
524
525
526
527
528
529
53
531
532
534
535
536
537
538
539
54
540
541
542
543
544
545
546
547
548
549
550
551
552
553
554
555
556
558
559
56
560
561
562
563
564
565
566
567
568
569
57
570
571
572
573
574
575
576
577
578
579
58
580
581
582
583
584
585
587
588
589
59
590
591
592
593
594
595
596
597
598
599
6
60
600
601
602
603
604
605
606
607
608
609
61
610
611
612
614
615
616
617
618
619
620
621
622
623
624
625
627
628
629
63
630
631
632
633
634
635
636
637
638
639
640
641
642
643
644
645
646
647
648
649
65
650
651
652
653
654
655
656
657
658
659
66
660
661
662
663
664
665
666
667
668
669
67
670
671
672
673
674
675
676
677
678
679
68
680
681
682
683
685
686
687
689
69
690
691
692
693
695
696
697
698
699
7
70
700
701
702
703
704
706
707
708
71
710
711
712
713
714
715
717
718
72
720
721
722
723
724
725
726
727
728
729
73
730
731
732
734
735
736
737
738
739
74
740
741
742
743
744
747
749
75
750
751
752
753
754
755
756
757
759
76
760
761
762
763
764
765
766
767
768
769
77
770
771
772
773
774
775
776
777
778
779
78
780
781
782
783
784
785
786
787
788
789
79
790
791
792
793
794
795
797
798
799
8
80
800
801
802
804
805
806
808
809
81
810
811
812
813
814
815
817
818
819
820
821
823
824
825
826
828
829
83
830
831
833
834
835
836
838
839
84
840
841
842
844
845
846
847
848
849
85
850
851
852
853
854
855
856
857
859
860
861
862
863
864
866
868
869
870
872
873
874
875
876
877
878
879
88
880
881
882
883
885
886
887
888
889
89
890
891
892
893
895
896
898
899
9
90
900
901
902
903
904
905
906
907
908
909
91
911
912
913
914
916
917
918
92
920
921
922
924
927
928
929
93
930
931
932
933
934
935
936
937
938
939
94
940
941
942
943
944
946
947
948
949
95
950
951
952
954
955
958
96
960
961
962
963
964
966
967
968
969
97
970
971
972
973
974
975
976
977
978
979
98
980
981
982
983
984
985
986
987
988
989
99
990
991
992
993
994
995
996
998
999
